Day,Top 50 Arrivals BOPs
731,2360 1450 1378 697 381 516 2165 1369 1722 698 1431 721 1199 2241 429 1832 1214 2236 416 2402 1534 2277 899 816 914 575 2292 2029 1417 1743 348 535 726 808 533 1768 681 882 2020 725 1259 13 1034 614 1647 272 863 1470 1144 1308
732,2360 381 1450 1378 697 516 1369 698 1199 721 1534 2165 1722 2241 1431 1832 1214 882 416 816 1259 533 899 348 2292 2277 429 575 1034 808 2236 2029 535 194 914 1308 1743 1768 1417 726 255 480 1144 863 2260 614 725 1758 103 358
733,2360 1450 1378 2165 381 697 1722 516 1199 698 721 1534 2029 1214 2241 1369 1431 2292 816 882 535 808 899 416 1259 863 533 1832 1034 348 575 914 194 2277 1768 1743 1296 417 255 643 1308 2260 725 2236 2356 386 1144 1342 1128 300
734,2360 1450 2165 1378 516 697 1722 1199 721 698 2029 1832 808 381 816 575 2241 2292 863 1214 1369 2277 535 2008 1743 416 1296 348 899 1431 643 725 300 255 1534 417 2260 480 2236 1695 358 1128 726 2356 914 1768 386 1630 1417 13
735,2165 2360 1199 516 1722 2029 1450 1378 697 721 1832 899 1743 575 2008 381 535 808 2292 358 914 863 1296 1214 2241 698 2277 643 416 816 1342 1369 1695 348 300 1630 2260 725 1128 480 1131 13 2236 1534 386 417 726 767 1431 44
736,2360 2165 1450 575 1199 1722 721 2029 516 697 1378 381 863 1743 2292 808 1832 2008 1214 535 643 914 358 1296 416 816 2236 698 899 2277 1534 2260 2241 533 1695 1630 13 300 725 1128 1369 1342 882 348 1034 417 1131 386 1431 684
737,2360 721 1450 575 516 2165 1199 1722 2029 535 863 1214 381 416 697 1378 1534 808 2292 1743 358 2008 899 1369 2236 1296 533 2260 643 386 348 816 698 1832 1128 300 2241 1695 13 480 1630 1342 725 914 1555 103 2277 1431 1131 1034
738,2360 721 2165 516 1450 2029 1199 1722 575 863 1369 381 416 533 1214 1034 1534 535 808 1378 697 2292 103 2008 1296 1259 643 358 1743 899 2236 2260 882 13 348 1128 816 300 698 910 1431 1555 1695 1342 480 2241 386 725 1630 417
739,381 1259 882 1534 533 1034 2360 194 516 2165 721 1450 1722 2029 1369 575 1199 1214 863 416 2008 2292 1378 697 535 103 899 808 643 816 2236 1296 1431 13 358 1743 2402 1695 1630 300 698 348 725 1128 429 1342 2241 1134 1698 1576
740,381 2360 1534 533 1259 882 1034 2165 194 1450 721 516 1722 863 2029 1369 1214 416 1199 2292 808 1378 575 899 565 2008 1555 2468 1296 726 697 2236 103 535 348 643 417 816 1743 13 1431 698 1134 1695 480 429 2241 1342 300 725
741,381 1534 1259 882 1034 194 2360 2165 1450 565 721 863 516 1722 2029 1369 533 2468 1214 416 726 1296 2008 1199 2292 808 643 1555 899 1378 575 13 910 535 103 2241 2236 348 417 429 1743 480 1134 1695 1342 1431 725 1630 697 650
742,381 1534 882 1034 2360 1259 194 565 2165 1450 721 863 2029 516 1722 2468 1369 416 726 533 1214 2008 2292 1555 910 575 643 70 1296 13 1378 103 1199 899 808 2236 429 2026 2241 1695 684 650 417 1564 44 1134 1630 725 1743 2402
743,381 1534 565 1259 2360 882 194 2165 1034 1450 863 721 2468 516 1722 2029 1369 1214 2008 416 726 697 1555 70 2292 1199 899 816 533 575 643 910 1296 300 103 13 1378 2236 2026 429 2241 1695 684 808 417 2402 650 44 1630 725
744,565 381 2360 1534 1259 2165 882 194 863 1450 2468 721 697 516 2029 1722 1369 1199 1214 2008 575 416 2292 816 70 533 1034 1555 910 300 726 643 1296 1564 13 2236 103 329 2026 429 2241 684 2356 1695 417 650 808 2402 44 1630
745,381 565 1259 882 2360 1534 194 2165 2468 863 1450 721 2029 516 1034 1722 697 533 1369 1214 2008 841 1199 416 910 70 816 575 1555 2292 13 103 643 2236 1296 2026 2241 300 2356 1564 480 899 417 726 1695 1577 348 1630 684 429
746,565 381 1259 882 2360 194 2165 2468 1450 863 721 1034 2029 1722 697 516 1534 841 1214 2008 1369 533 416 1199 255 1555 816 910 103 2292 13 70 643 300 1564 2026 2236 1296 1577 2356 1134 2241 417 684 1695 480 899 1630 575 44
747,2360 1259 882 2165 381 721 863 1534 1450 2029 1722 194 516 565 1369 697 533 1214 416 2008 1034 13 1199 910 2292 1555 808 2236 816 643 103 1296 255 1564 684 2026 70 300 417 2468 329 650 1630 575 1695 2241 1134 725 1743 1342
748,2360 2165 863 1259 721 381 565 882 1534 1722 1450 516 2029 194 910 1369 643 2008 2468 416 2292 697 1214 1199 1564 533 329 808 1034 13 1296 1695 2236 684 1555 103 816 2241 650 300 1630 255 725 417 2026 1134 1342 1576 1516 883
749,2360 2165 721 863 565 1722 1450 2029 516 2468 2008 1214 416 643 1369 910 1564 2292 697 13 329 883 1296 1199 1695 2236 1630 684 1555 816 2026 103 808 725 1134 417 1431 2241 1342 1576 650 1516 841 300 44 255 848 2171 1698 2356
750,2360 2165 721 863 1722 565 2029 1450 381 910 2008 516 1214 1564 2468 329 643 416 1369 883 2292 697 13 1199 1296 841 808 1555 1695 2236 2026 684 1259 103 1630 1134 650 816 725 417 1576 300 882 2241 1431 1516 1342 255 848 2171
751,2360 2165 1722 2029 721 565 1450 2008 863 516 381 2468 1214 643 1564 910 416 329 1369 697 13 883 2292 1199 1296 2026 1555 808 2236 1695 841 816 1630 1134 725 684 1576 650 417 300 1698 1342 44 103 1832 1431 1516 255 2241 2171
752,2165 2360 1722 2029 721 565 1450 2008 863 643 516 2468 1214 416 1564 1369 13 910 2026 329 883 725 1695 2292 103 697 1698 1199 1296 1555 2236 808 841 1630 1134 684 1342 1576 417 44 816 1679 650 300 1516 1431 45 2171 1246 255
753,2165 2360 1722 721 2029 565 1450 1369 2008 416 516 643 910 863 1214 2468 1564 329 13 103 2026 1695 725 1134 1555 2236 2292 1698 1296 1431 1630 684 697 1516 1199 1342 841 808 1576 848 44 417 650 888 816 2241 1246 300 883 2254
754,2360 2165 1722 721 2029 565 1450 2008 516 1369 2468 1564 643 416 1214 910 329 863 13 2026 2292 697 1555 1695 725 2236 1698 1630 841 1296 1342 684 1134 1431 1199 1576 2171 103 888 1516 44 808 1832 848 417 300 650 2110 537 627
755,2360 2165 1722 2029 721 1450 565 2008 2468 516 1369 1214 416 643 910 1564 329 2292 2026 13 863 841 1555 1296 725 1695 2236 1630 1698 1134 1342 684 1431 1576 2171 417 697 888 44 1516 848 1199 808 816 1382 45 300 650 2110 103
756,2360 2165 1722 2029 721 1450 2008 2468 565 516 643 1214 416 1369 1564 910 329 13 2292 2026 863 841 1555 2236 725 1630 1695 1698 1342 1296 1134 888 684 1431 1576 1199 1516 2171 44 816 848 417 45 650 300 381 808 255 2110 883
757,2165 2360 1722 2029 1450 721 2008 2468 643 516 1214 565 416 1564 329 910 13 1369 2292 725 2026 841 1555 1199 1695 2236 888 1630 863 1342 684 1134 1698 1296 1431 1576 300 1516 2171 93 44 848 45 816 417 1382 650 2110 1188 381
758,2165 1722 2360 2029 721 1450 2008 2468 643 516 1564 1214 565 910 329 416 13 888 1369 725 1695 2236 2026 1630 2292 1342 93 841 1555 1431 684 1134 1698 1199 1296 863 1576 44 1516 1382 2171 45 848 2110 300 697 2020 417 1188 381
759,2165 2360 1722 2029 721 1450 2008 2468 643 516 1564 1214 13 329 565 910 725 1695 2236 1369 416 1630 2292 888 1342 1431 841 684 1555 2026 1134 1698 93 1576 1053 1516 45 1199 44 1296 863 848 2110 1382 2171 381 2020 1188 697 417
760,2165 1722 2360 2029 721 1450 2468 643 1564 2008 1214 13 329 516 725 1369 1695 2236 565 910 1630 1342 888 416 2292 1431 684 841 1555 2026 1053 1698 93 1576 45 44 1382 2020 2110 1134 1296 848 1188 1516 1199 2241 1755 381 1034 2171
